0 237 751
1 3 117
2 441 4
3 1 120
4 2 649
5 317 719
6 308 719
7 512 244
8 9 449
9 8 220
10 272 11
11 10 57
12 562 70
13 57 14
14 13 15
15 14 16
16 15 17 311 718
17 16 348
18 339 42 43 487
19 504 43
20 634 654
21 245 118
22 666 603 524
23 393 25
24 490 628 487
25 23 171 172 84 373 374
26 27 214
27 26 32
28 224 230
29 230
30 33 31
31 30 109
32 27 33 742 211 743
33 30 32
34 35 37
35 34 40 594
36 52 37
37 34 36
38 241 39
39 38 624 211
40 35 41 228
41 40 225 226 223
42 18 614
43 18 19
44 250 47
45 50 46
46 45 47
47 44 46 52
48 51 164
49 490 51 52
50 45 296 628
51 48 49 52
52 36 47 49 51 230 53
53 52
54 68 318 567
55 56 562
56 55 140
57 11 13
58 59 579
59 58 340
60 359 347 455
61 579 62
62 61 160 65 63
63 62 155 350
64 112 564 279
65 62 66
66 65 67
67 66 114
68 54 721
69 98 339 86
70 12 566
71 665 398 399
72 400 432
73 594 74
74 73 75 269 79
75 74 702
76 281 79
77 269
78 79
79 74 76 78
80 81 556
81 80 414
82 629 341
83 600 137 710
84 25 85 519
85 84 90
86 69 87
87 86 98 495
88 91
89 94
90 85 91
91 88 90
92 343
93 544 98
94 89 300
95 544 209 98
96 97 98
97 96 201
98 69 87 93 95 96 99
99 98 343
100 106 103
101 620 102
102 101 750
103 100 108
104 105 625
105 104 106
106 100 105 107 540
107 106 539
108 103 109
109 31 108
110 704 235
111 722 732
112 64 586 451
113 263 135
114 67 263
115 350 263
116 117 119
117 1 116
118 21 119
119 116 118
120 3 121
121 120 237
122 123 125
123 122 331
124 548 125
125 122 124 559
126 129 668
127 131 548
128 464 129 131
129 126 128
130 552 131
131 127 128 130 557 466
132 387 189
133 265 135
134 136 139
135 113 133
136 134 385
137 83 709 715
138 139
139 134 138 388
140 56 488 541
141 333 142
142 141 336
143 553 461 463
144 460 277
145 241 507 508
146 632
147 652 365 238 655
148 589 398
149 260 261 621
150 546 427
151 152 354 262 158
152 151 153
153 152 154 671
154 153 262 319
155 63 156
156 155 157
157 156 158
158 151 157
159 160 671
160 62 159
161 162 170 503
162 161 200 499 613
163 361 604
164 48 168 165
165 164 504 166
166 165 167
167 166 168 503
168 164 167
169 658
170 161
171 25 174
172 25
173 600 729 174
174 171 173
175 176 393
176 175 338
177 178 285
178 177 616
179 674 180
180 179 181
181 180 182
182 181 183 318 319
183 182 184
184 183 713 186
185 496 292
186 184 292
187 344 363 188
188 187 193
189 132 389 190
190 189 191
191 190 192
192 191 346
193 188 348
194 569 605
195 392 198 244 285 246
196 384 729 666 198 383
197 593 415 367
198 195 196
199 513 514 511
200 162 408 203
201 97 408 613 206
202 408 203
203 200 202
204 408 205 207
205 204 725
206 201 208 207
207 204 206 208 209
208 206 207
209 95 207
210 249 250 372
211 32 39
212 213 598
213 212 221
214 26 622
215 216 218
216 215 518
217 218 341
218 215 217
219 220 518
220 9 219
221 213 222
222 221 518
223 41 224
224 28 223
225 41 228
226 41 231
227 234 231
228 40 225 391
229 230
230 28 29 52 229 705
231 226 227 705
232 705 636
233 640 390 391 234 302 639
234 227 233
235 110 512
236 744 731 239
237 0 121 238
238 147 237 634
239 236 512
240 505 242 243
241 38 145 624
242 240 512
243 240 246
244 7 195
245 21 649 565
246 195 243
247 408 417
248 409 407
249 210 372
250 44 210 253
251 673 252
252 251 680 257 254
253 250 594
254 252
255 256 258
256 255 680
257 252
258 255 288
259 611 614
260 149 312
261 149 342 543
262 151 154 352
263 113 114 115
264 265 271
265 133 264
266 594 268
267 368 650 651
268 266 596 590
269 74 77 596
270 474 271
271 264 270
272 10 534
273 529 739
274 281 275
275 274 414
276 282 277
277 144 276
278 345 638
279 64 345
280 281 283
281 76 274 280
282 276 283
283 280 282
284 540 427 428
285 177 195
286 289
287 289 294 295
288 258 293
289 286 287
290 291 293 494
291 290
292 185 186 495
293 288 290 677 495
294 287 674
295 287
296 50 628 372
297 298 660
298 297 302
299 682 684
300 94 301 303
301 300 602
302 233 298
303 300 305
304 305 547
305 303 304 547
306 602 307
307 306 547
308 6 515
309 624 316
310 313 311
311 16 310 534
312 260 344 315
313 310 426
314 321 315 316
315 312 314 317 342
316 309 314
317 5 315
318 54 182 568
319 154 182
320 704 690
321 314 458 621
322 323 429
323 322 336
324 488 325
325 324 326
326 325 327
327 326 328 517
328 327 329
329 328 533
330 548 333
331 123 333
332 669 335
333 141 330 331 669
334 668
335 332 668
336 142 323
337 668 396
338 176 729 725
339 18 69 609
340 59
341 82 217
342 261 315
343 92 99 707
344 187 312
345 278 279 472
346 192 569
347 60 360 359
348 17 193
349 694 670
350 63 115
351 352 354
352 262 351
353 356 637
354 151 351 675 358
355 360 356
356 353 355
357 360 358
358 354 357 676
359 60 347
360 347 355 357
361 163 362
362 361 369
363 187 719
364 366
365 147 736 366
366 364 365
367 197 722
368 267 369
369 362 368 370
370 369 627 371
371 370 627
372 210 249 296
373 25 376
374 25 375
375 374 378
376 373 378
377 403 380
378 375 376 403
379 380 709
380 377 379
381 382 407
382 381
383 196 394
384 196 393
385 136 571
386 389 574 575
387 132 388
388 139 387
389 189 386
390 233 699 701
391 228 233 699
392 195 563 727
393 23 175 384 728
394 383
395 480 396
396 337 395 685
397 398
398 71 148 397
399 71 400
400 72 399 434
401 402 549
402 401 440
403 377 378 404 735
404 403 416
405 409 406
406 405 415
407 248 381
408 200 201 202 204 247 411 413
409 248 405 735
410 633 682
411 408 506
412 733 526
413 408
414 81 275
415 197 406
416 404 608
417 247 418
418 417 739
419 420 422
420 419 425
421 708 422
422 419 421
423 426 428
424 426 428 439
425 420 426
426 313 423 424 425
427 150 284 428
428 284 423 424 427 737
429 322 430 431
430 429 535
431 429 432
432 72 431 433 437
433 432 435
434 400 642 435 438
435 433 434
436 670
437 432 670
438 434 670
439 424
440 402 443 442
441 2 442
442 440 441
443 440 444
444 443 445
445 444 446
446 445 447
447 446 448
448 447 449
449 8 448
450 452 453
451 112 564 455
452 450 551 550 455
453 450
454 459 551
455 60 451 452 564
456 697 667 693
457 459
458 321 543 545
459 454 457
460 144 463
461 143 466
462 472 667 638
463 143 460
464 128 467
465 482 483
466 131 461 467
467 464 466 691
468 469 471
469 468 631
470 473 471
471 468 470
472 345 462 590 638
473 470 475 637
474 270 475
475 473 474
476 483 477 478
477 476 486
478 476 697
479 697 484
480 395 481
481 480 482
482 465 481
483 465 476
484 479 695
485 698
486 477 700 692
487 18 24 489 492
488 140 324
489 487 492
490 24 49
491 492 494
492 487 489 491
493 494
494 290 491 493 495
495 87 292 293 494
496 185
497 506 726
498 725 525
499 162 612 500
500 499 501
501 500 502
502 501 503
503 161 167 502
504 19 165
505 240 506 525
506 411 497 505
507 145 510
508 145 624 509
509 508 512 514 510
510 507 509
511 199 512
512 7 235 239 242 509 511
513 199 516
514 199 509
515 308 516
516 513 515
517 327 518
518 216 219 222 517
519 84 615
520 665 533
521 528 741
522 664 528
523 690 654
524 22
525 498 505 526 734
526 412 525
527 664 690
528 521 522
529 273 704 530
530 529 653
531 538 541
532 538 533
533 329 520 532
534 272 311
535 430 536
536 535 537 542
537 536 538
538 531 532 537
539 107 545
540 106 284
541 140 531 542
542 536 541
543 261 458
544 93 95
545 458 539 546
546 150 545
547 304 305 307
548 124 127 330
549 401 587 582
550 452
551 452 454
552 130 553
553 143 552 554 555 556
554 553 555 561
555 553 554
556 80 553
557 131 558
558 557 560
559 125 560 561
560 558 559
561 554 559 670
562 12 55
563 392 727
564 64 451 455
565 245 745
566 70 599
567 54 568
568 318 567
569 194 346 593
570 571 573
571 385 570 576 579
572 573 575
573 570 572
574 386 577
575 386 572
576 571 577 580
577 574 576
578 712 706 707
579 58 61 571
580 576 672
581 715 732
582 549 588 583
583 582 588
584 635 588
585 643
586 112 592 595
587 549 610 629
588 582 583 584 610 589
589 148 588
590 268 472 597 591
591 590 592
592 586 591 630
593 197 569
594 35 73 253 266 595
595 586 594 630
596 268 269
597 590
598 212 599
599 566 598
600 83 173 711
601 616 602
602 301 306 601 603
603 22 602
604 163 657 650
605 194 606
606 605 607
607 606 608
608 416 607
609 339
610 587 588
611 259 612
612 499 611
613 162 201 614
614 42 259 613
615 519 666
616 178 601
617 618 626
618 617 619
619 618 620
620 101 619
621 149 321
622 214 623
623 622 624
624 39 241 309 508 623
625 104 626
626 617 625
627 370 371 736
628 24 50 296
629 82 587
630 592 595
631 469 633
632 146 656 657
633 410 631
634 20 238 654 655
635 584 645 647
636 232 663
637 353 473
638 278 462 472 695
639 233 645
640 233 641
641 640 642
642 434 641
643 585 648 644
644 643
645 635 639
646 701 687
647 635 648
648 643 647
649 4 245
650 267 604
651 267 656 652
652 147 651 653
653 530 652 659
654 20 523 634
655 147 634
656 632 651
657 604 632
658 169 659
659 653 658
660 297 661
661 660 662
662 661 663
663 636 662
664 522 527
665 71 520
666 22 196 615
667 456 462
668 126 334 335 337
669 332 333
670 349 436 437 438 561 688
671 153 159 672
672 580 671
673 251 674
674 179 294 673 677
675 354 676
676 358 675 680
677 293 674 678
678 677 679
679 678 680
680 252 256 676 679
681 683 684
682 299 410
683 681 686
684 299 681
685 396 686
686 683 685
687 646 703
688 670 703
689 694 703
690 320 523 527 741
691 467 692 700
692 486 691 693
693 456 692
694 349 689
695 484 638
696 697 698
697 456 478 479 696
698 485 696
699 390 391
700 486 691
701 390 646 702
702 75 701 703
703 687 688 689 702
704 110 320 529 740 734
705 230 231 232
706 578 715
707 343 578
708 421 738
709 137 379 716
710 83
711 600
712 578 715
713 184 714
714 713 715
715 137 581 706 712 714 716 721
716 709 715
717 720 718
718 16 717
719 5 6 363 720
720 717 719
721 68 715
722 111 367
723 728 730 724 727
724 723 725 726
725 205 338 498 724 730
726 497 724
727 392 563 723
728 393 723
729 173 196 338
730 723 725
731 236 744
732 111 581
733 412
734 525 704
735 403 409
736 365 627
737 428 752 750
738 708 753
739 273 418
740 704 741
741 521 690 740 742
742 32 741
743 32 744
744 236 731 743
745 565 751
746 747
747 746 748
748 747 749
749 748 750
750 102 737 749
751 0 745
752 737 753
753 738 752